%YAML:1.0
calibration_time: "Wed Jan 22 17:07:38 2014"
image_width: 640
image_height: 480
board_width: 8
board_height: 5
square_size: 1.7500000074505806e-02
flags: 0
camera_matrix: !!opencv-matrix
   rows: 3
   cols: 3
   dt: d
   data: [ 8.2074026139731257e+02, 0., 2.9522813944678802e+02, 0.,
       8.2163132674211272e+02, 2.4856126604553697e+02, 0., 0., 1. ]
# fx [px] @ w=640: 820.74, @800: 1025.93, @640: 820.74, @320: 410.37
# fy [px] @ h=480: 821.631, @600: 1027.04, @480: 821.631, @240: 410.816
# cx [px] @ w=640: 295.228, @800: 369.035, @640: 295.228, @320: 147.614
# cy [px] @ h=480: 248.561, @600: 310.702, @480: 248.561, @240: 124.281
distortion_coefficients: !!opencv-matrix
   rows: 5
   cols: 1
   dt: d
   data: [ 2.2785350293474990e-01, -9.5373776382466735e-01,
       -1.0118212606668837e-03, -8.4470188391596295e-03,
       1.4101266813296864e+00 ]
avg_reprojection_error: 2.3368981386053828e-01
image_points: !!opencv-matrix
   rows: 10
   cols: 40
   dt: "2f"
   data: [ 5.84659668e+02, 2.53655807e+02, 5.35808411e+02,
       2.54526978e+02, 4.87279755e+02, 2.55357513e+02, 4.39428802e+02,
       2.56149933e+02, 3.92398499e+02, 2.56705048e+02, 3.46419434e+02,
       2.57434814e+02, 3.01065643e+02, 2.58188507e+02, 2.56110474e+02,
       2.58943817e+02, 5.85509338e+02, 2.06040863e+02, 5.36273376e+02,
       2.07358017e+02, 4.87269440e+02, 2.08457382e+02, 4.39166260e+02,
       2.09603333e+02, 3.91623413e+02, 2.10621323e+02, 3.45422943e+02,
       2.11651123e+02, 2.99717651e+02, 2.12768173e+02, 2.54321625e+02,
       2.13740082e+02, 5.85676819e+02, 1.57814423e+02, 5.35846680e+02,
       1.59466248e+02, 4.87164398e+02, 1.61026489e+02, 4.38776886e+02,
       1.62606445e+02, 3.91039703e+02, 1.64119522e+02, 3.44407928e+02,
       1.65581711e+02, 2.98404938e+02, 1.66842361e+02, 2.52727142e+02,
       1.68043243e+02, 5.86495239e+02, 1.08753235e+02, 5.36457153e+02,
       1.10754585e+02, 4.87348389e+02, 1.12730843e+02, 4.38557098e+02,
       1.14654121e+02, 3.90470490e+02, 1.16637970e+02, 3.43388824e+02,
       1.18340385e+02, 2.96943054e+02, 1.19940636e+02, 2.50832275e+02,
       1.21287338e+02, 5.87556396e+02, 5.85419922e+01, 5.37154846e+02,
       6.08232574e+01, 4.87670898e+02, 6.30249901e+01, 4.38495514e+02,
       6.54559097e+01, 3.89960602e+02, 6.76892853e+01, 3.42453705e+02,
       6.97442017e+01, 2.95419586e+02, 7.13953629e+01, 2.48920670e+02,
       7.33367996e+01, 5.19368958e+02, 2.23318527e+02, 4.72065186e+02,
       2.27663651e+02, 4.24980347e+02, 2.31956741e+02, 3.78534515e+02,
       2.36169312e+02, 3.32563171e+02, 2.40164215e+02, 2.87468384e+02,
       2.44211716e+02, 2.42569916e+02, 2.48234711e+02, 1.97726288e+02,
       2.52312393e+02, 5.16476624e+02, 1.76401230e+02, 4.68847717e+02,
       1.81163132e+02, 4.21347626e+02, 1.85668732e+02, 3.74590729e+02,
       1.90183899e+02, 3.28380280e+02, 1.94530884e+02, 2.82929993e+02,
       1.98758270e+02, 2.37698257e+02, 2.03094482e+02, 1.92393311e+02,
       2.07218140e+02, 5.13114624e+02, 1.28861404e+02, 4.64774689e+02,
       1.34007721e+02, 4.17618561e+02, 1.38803284e+02, 3.70645996e+02,
       1.43745529e+02, 3.24099396e+02, 1.48474472e+02, 2.78313873e+02,
       1.53034897e+02, 2.32762878e+02, 1.57358231e+02, 1.87107162e+02,
       1.61645737e+02, 5.10234772e+02, 8.04481888e+01, 4.61621979e+02,
       8.58098068e+01, 4.14151337e+02, 9.11365738e+01, 3.66632996e+02,
       9.63301849e+01, 3.19748688e+02, 1.01346680e+02, 2.73447296e+02,
       1.06034561e+02, 2.27401810e+02, 1.10774666e+02, 1.81525864e+02,
       1.15006737e+02, 5.07479156e+02, 3.06967621e+01, 4.58485657e+02,
       3.64260063e+01, 4.10554932e+02, 4.18716393e+01, 3.62644653e+02,
       4.74676170e+01, 3.15294189e+02, 5.27517891e+01, 2.68474548e+02,
       5.77394295e+01, 2.21920731e+02, 6.24137344e+01, 1.75708054e+02,
       6.73692093e+01, 3.65788574e+02, 2.11259811e+02, 3.22734192e+02,
       2.14501495e+02, 2.79580017e+02, 2.17618011e+02, 2.36570251e+02,
       2.20750763e+02, 1.93912216e+02, 2.23686935e+02, 1.51550308e+02,
       2.26738922e+02, 1.09086304e+02, 2.29732925e+02, 6.66017151e+01,
       2.32768982e+02, 3.62780060e+02, 1.67450943e+02, 3.19468506e+02,
       1.70854568e+02, 2.76037994e+02, 1.74205093e+02, 2.32982559e+02,
       1.77411026e+02, 1.89989334e+02, 1.80617340e+02, 1.47577866e+02,
       1.83674164e+02, 1.04758850e+02, 1.86814301e+02, 6.18187981e+01,
       1.89816437e+02, 3.59335510e+02, 1.23191238e+02, 3.15637512e+02,
       1.26861786e+02, 2.72567719e+02, 1.30300049e+02, 2.29438126e+02,
       1.33802567e+02, 1.86234695e+02, 1.37162582e+02, 1.43323410e+02,
       1.40482193e+02, 1.00510071e+02, 1.43574326e+02, 5.76633568e+01,
       1.46782822e+02, 3.56289886e+02, 7.80887222e+01, 3.12298584e+02,
       8.21041641e+01, 2.68872040e+02, 8.58551483e+01, 2.25438248e+02,
       8.94172287e+01, 1.82027405e+02, 9.31101074e+01, 1.38808731e+02,
       9.64399872e+01, 9.56271362e+01, 9.97593765e+01, 5.29703712e+01,
       1.03209412e+02, 3.53102631e+02, 3.19062443e+01, 3.08698120e+02,
       3.62276955e+01, 2.65109497e+02, 4.00932579e+01, 2.21285126e+02,
       4.40715103e+01, 1.77630936e+02, 4.78262749e+01, 1.34099136e+02,
       5.14775467e+01, 9.09033279e+01, 5.49649734e+01, 4.82200356e+01,
       5.87301292e+01, 3.46307709e+02, 3.13404327e+02, 3.04648956e+02,
       3.16805756e+02, 2.63294098e+02, 3.20207703e+02, 2.22150528e+02,
       3.23652557e+02, 1.81623749e+02, 3.26806091e+02, 1.41592194e+02,
       3.30074921e+02, 1.01685043e+02, 3.33431396e+02, 6.19797707e+01,
       3.36690247e+02, 3.42190308e+02, 2.71673798e+02, 3.00445007e+02,
       2.75385162e+02, 2.58758606e+02, 2.79001923e+02, 2.17724533e+02,
       2.82444611e+02, 1.76959152e+02, 2.85826660e+02, 1.36741150e+02,
       2.89317322e+02, 9.64232254e+01, 2.92957123e+02, 5.62345619e+01,
       2.96493591e+02, 3.37626068e+02, 2.29609909e+02, 2.95653076e+02,
       2.33505295e+02, 2.54437439e+02, 2.37267441e+02, 2.13164703e+02,
       2.41102829e+02, 1.72230301e+02, 2.44704269e+02, 1.31567642e+02,
       2.48546204e+02, 9.12489700e+01, 2.52257721e+02, 5.10817490e+01,
       2.55867096e+02, 3.33466705e+02, 1.86842438e+02, 2.91210419e+02,
       1.91004044e+02, 2.49775284e+02, 1.95219589e+02, 2.08319199e+02,
       1.99142044e+02, 1.66975983e+02, 2.03278885e+02, 1.26126152e+02,
       2.07111679e+02, 8.53163223e+01, 2.11125061e+02, 4.52210922e+01,
       2.14908569e+02, 3.29220673e+02, 1.43103271e+02, 2.86664612e+02,
       1.47626923e+02, 2.44856598e+02, 1.51988388e+02, 2.03065216e+02,
       1.56441467e+02, 1.61498047e+02, 1.60601746e+02, 1.20182037e+02,
       1.64823654e+02, 7.93823547e+01, 1.68814835e+02, 3.91137733e+01,
       1.73063660e+02, 4.65600342e+02, 3.32163513e+02, 4.21764618e+02,
       3.33715759e+02, 3.78225494e+02, 3.35352783e+02, 3.35193298e+02,
       3.36997467e+02, 2.92769318e+02, 3.38372559e+02, 2.50942383e+02,
       3.39846710e+02, 2.09512802e+02, 3.41615662e+02, 1.68105057e+02,
       3.43468323e+02, 4.64000092e+02, 2.89196655e+02, 4.19813019e+02,
       2.91147827e+02, 3.75927460e+02, 2.92960205e+02, 3.32812256e+02,
       2.94757202e+02, 2.90184570e+02, 2.96366638e+02, 2.48254547e+02,
       2.98167786e+02, 2.06440735e+02, 3.00193970e+02, 1.64540771e+02,
       3.02238281e+02, 4.61878571e+02, 2.45764389e+02, 4.17292084e+02,
       2.47934387e+02, 3.73718506e+02, 2.50043655e+02, 3.30391998e+02,
       2.52178268e+02, 2.87558655e+02, 2.54230438e+02, 2.45313995e+02,
       2.56367218e+02, 2.03316269e+02, 2.58375214e+02, 1.61220474e+02,
       2.60522949e+02, 4.60463135e+02, 2.01547485e+02, 4.15391693e+02,
       2.04273788e+02, 3.71570251e+02, 2.06681717e+02, 3.27913605e+02,
       2.09103073e+02, 2.84776245e+02, 2.11432983e+02, 2.42145584e+02,
       2.13767212e+02, 1.99686203e+02, 2.16216232e+02, 1.57521622e+02,
       2.18292252e+02, 4.59022095e+02, 1.56386597e+02, 4.13678894e+02,
       1.59362854e+02, 3.69413605e+02, 1.62090195e+02, 3.25450592e+02,
       1.64968079e+02, 2.81815338e+02, 1.67585907e+02, 2.38776260e+02,
